pattern1:
layer1:
(0,6600),(600,6600),(600,7800),(0,7800)
(0,3000),(3000,3000),(3000,0),(4200,0),(4200,5400),(0,5400)
(0,10800),(600,10800),(600,11100),(3600,11100),(3600,10800),(4800,10800),(4800,12000),(0,12000)
(7200,0),(8400,0),(8400,3000),(10200,3000),(10200,5400),(7200,5400)
(9600,6600),(10200,6600),(10200,7800),(9600,7800)
(6600,10800),(7800,10800),(7800,11100),(9600,11100),(9600,10800),(10200,10800),(10200,12000),(6600,12000)
(9600,13200),(10200,13200),(10200,13800),(9600,13800)
layer2:
(0,900),(10200,900),(10200,1500),(6300,1500),(6300,3000),(5100,3000),(5100,1500),(0,1500)
(2100,2400),(2700,2400),(2700,5700),(7200,5700),(7200,6000),(7500,6000),(7500,7200),(6300,7200),(6300,6300),(2700,6300),(2700,10500),(3300,10500),(3300,12600),(2100,12600)
(4500,8700),(5700,8700),(5700,9600),(8700,9600),(8700,2400),(9300,2400),(9300,12600),(8100,12600),(8100,10200),(4500,10200)
layer3:
(0,3900),(300,3900),(300,4500),(0,4500)
(0,6900),(300,6900),(300,7500),(0,7500)
(0,11100),(300,11100),(300,11700),(0,11700)
(3300,0),(3900,0),(3900,300),(3300,300)
(3300,4500),(3900,4500),(3900,5100),(3300,5100)
(3900,11100),(4500,11100),(4500,11700),(3900,11700)
(4800,9000),(5400,9000),(5400,9600),(4800,9600)
(5400,2100),(6000,2100),(6000,2700),(5400,2700)
(6600,6300),(7200,6300),(7200,6900),(6600,6900)
(6900,11100),(7500,11100),(7500,11700),(6900,11700)
(7500,0),(8100,0),(8100,300),(7500,300)
(7500,4500),(8100,4500),(8100,5100),(7500,5100)
(9900,3900),(10200,3900),(10200,4500),(9900,4500)
(9900,6900),(10200,6900),(10200,7500),(9900,7500)
(9900,11100),(10200,11100),(10200,11700),(9900,11700)
(9900,13500),(10200,13500),(10200,13800),(9900,13800)
layer4:
(0,3600),(600,3600),(600,9900),(0,9900)
(1800,0),(4200,0),(4200,600),(1800,600)
(3000,4200),(4500,4200),(4500,8700),(5700,8700),(5700,9900),(4500,9900),(4500,10800),(4800,10800),(4800,12000),(3300,12000),(3300,5400),(3000,5400)
(6000,0),(8400,0),(8400,600),(6000,600)
(0,1500),(10200,1500),(10200,2700),(6300,2700),(6300,3000),(5100,3000),(5100,2700),(0,2700)
(6300,6000),(6900,6000),(6900,4200),(8400,4200),(8400,5400),(8100,5400),(8100,12000),(6600,12000),(6600,10800),(6900,10800),(6900,7200),(6300,7200)
(9600,3600),(10200,3600),(10200,9900),(9600,9900)
(0,10800),(600,10800),(600,13200),(9600,13200),(9600,10800),(10200,10800),(10200,13800),(0,13800)
layer5:
(0,9000),(300,9000),(300,9600),(0,9600)
(2100,0),(2700,0),(2700,300),(2100,300)
(6300,0),(6900,0),(6900,300),(6300,300)
(9900,9000),(10200,9000),(10200,9600),(9900,9600)
layer6:
(0,0),(600,0),(600,13800),(0,13800)
(1800,0),(4200,0),(4200,13800),(3000,13800),(3000,600),(1800,600)
(6000,0),(7200,0),(7200,13800),(6000,13800)
(9600,0),(10200,0),(10200,13800),(9600,13800)
marker:
(0,0),(10200,0),(10200,13800),(0,13800)
pattern2:
layer1:
(0,5600),(400,5600),(400,6400),(0,6400)
(0,10000),(400,10000),(400,10400),(0,10400)
(0,3200),(2000,3200),(2000,800),(2800,800),(2800,4800),(0,4800)
(0,8400),(400,8400),(400,8600),(2400,8600),(2400,8400),(3200,8400),(3200,9200),(0,9200)
(4800,800),(5600,800),(5600,3200),(6800,3200),(6800,4800),(4800,4800)
(6400,5600),(6800,5600),(6800,6400),(6400,6400)
(4400,8400),(5200,8400),(5200,8600),(6400,8600),(6400,8400),(6800,8400),(6800,9200),(4400,9200)
(6400,10000),(6800,10000),(6800,10400),(6400,10400)
layer2:
(0,1800),(6800,1800),(6800,2200),(4200,2200),(4200,3200),(3400,3200),(3400,2200),(0,2200)
(1400,2800),(1800,2800),(1800,5000),(4800,5000),(4800,5200),(5000,5200),(5000,6000),(4200,6000),(4200,5400),(1800,5400),(1800,8200),(2200,8200),(2200,9600),(1400,9600)
(3000,7000),(3800,7000),(3800,7600),(5800,7600),(5800,2800),(6200,2800),(6200,9600),(5400,9600),(5400,8000),(3000,8000)
layer3:
(0,3800),(200,3800),(200,4200),(0,4200)
(0,5800),(200,5800),(200,6200),(0,6200)
(0,8600),(200,8600),(200,9000),(0,9000)
(0,10200),(200,10200),(200,10400),(0,10400)
(2200,1000),(2600,1000),(2600,1400),(2200,1400)
(2200,4200),(2600,4200),(2600,4600),(2200,4600)
(2600,8600),(3000,8600),(3000,9000),(2600,9000)
(3200,7200),(3600,7200),(3600,7600),(3200,7600)
(3600,2600),(4000,2600),(4000,3000),(3600,3000)
(4400,5400),(4800,5400),(4800,5800),(4400,5800)
(4600,8600),(5000,8600),(5000,9000),(4600,9000)
(5000,1000),(5400,1000),(5400,1400),(5000,1400)
(5000,4200),(5400,4200),(5400,4600),(5000,4600)
(6600,3800),(6800,3800),(6800,4200),(6600,4200)
(6600,5800),(6800,5800),(6800,6200),(6600,6200)
(6600,8600),(6800,8600),(6800,9000),(6600,9000)
(6600,10200),(6800,10200),(6800,10400),(6600,10400)
layer4:
(0,3600),(400,3600),(400,7800),(0,7800)
(1200,800),(2800,800),(2800,1600),(1200,1600)
(2000,4000),(3000,4000),(3000,7000),(3800,7000),(3800,7800),(3000,7800),(3000,8400),(3200,8400),(3200,9200),(2200,9200),(2200,4800),(2000,4800)
(4000,800),(5600,800),(5600,1600),(4000,1600)
(0,2200),(6800,2200),(6800,3000),(4200,3000),(4200,3200),(3400,3200),(3400,3000),(0,3000)
(4200,5200),(4600,5200),(4600,4000),(5600,4000),(5600,4800),(5400,4800),(5400,9200),(4400,9200),(4400,8400),(4600,8400),(4600,6000),(4200,6000)
(6400,3600),(6800,3600),(6800,7800),(6400,7800)
(0,8400),(400,8400),(400,10000),(6400,10000),(6400,8400),(6800,8400),(6800,10400),(0,10400)
layer5:
(0,7200),(200,7200),(200,7600),(0,7600)
(1400,1000),(1800,1000),(1800,1400),(1400,1400)
(4200,1000),(4600,1000),(4600,1400),(4200,1400)
(6600,7200),(6800,7200),(6800,7600),(6600,7600)
layer6:
(0,0),(400,0),(400,10400),(0,10400)
(1200,0),(2000,0),(2000,10400),(1200,10400)
(4000,800),(4800,800),(4800,0),(5600,0),(5600,10400),(4800,10400),(4800,1600),(4000,1600)
(6400,0),(6800,0),(6800,10400),(6400,10400)
marker:
(0,0),(6800,0),(6800,10400),(0,10400)
