pattern1:
marker1:
(-604168,518132),(-590368,518132),(-590368,528332),(-604168,528332)
layer1:
(-601386,521732),(-601168,521732),(-601168,523532),(-601386,523532)
layer3:
(-599968,522932),(-599747,522932),(-599747,523377),(-599368,523377),(-599368,523532),(-599968,523532)
(-599747,522777),(-599147,522777),(-599147,523377),(-599368,523377),(-599368,522932),(-599747,522932)
marker2:
(-286768,518132),(-272968,518132),(-272968,528332),(-286768,528332)
layer4:
(-278068,522632),(-276868,522632),(-276868,523306),(-278068,523306)
layer5:
(-277768,518282),(-277168,518282),(-277168,518432),(-277768,518432)
pattern2:
marker1:
(84157,92094),(90957,92094),(90957,102494),(84157,102494)
layer1:
(86557,93781),(87757,93781),(87757,94064),(86557,94064)
layer2:
(85957,97224),(86261,97224),(86261,97494),(86157,97494),(86157,97294),(85957,97294)
layer6:
(85951,95895),(86157,95895),(86157,96545),(85951,96545)
