pattern1:
marker1:
(1693633,2746098),(1707433,2746098),(1707433,2756298),(1693633,2756298)
layer2:
(1696033,2746998),(1706233,2746998),(1706233,2748198),(1703833,2748198),(1703833,2751798),(1702333,2751798),(1702333,2750598),(1703233,2750598),(1703233,2747598),(1696033,2747598)
marker2:
(1790233,2195298),(1804033,2195298),(1804033,2205498),(1790233,2205498)
layer1:
(1796807,2197600),(1798633,2197600),(1798633,2198298),(1798711,2198298),(1798711,2198804),(1796807,2198804)
layer3:
(1792333,2197998),(1792933,2197998),(1792933,2198598),(1792333,2198598)
(1794433,2200098),(1794564,2200098),(1794564,2200552),(1795033,2200552),(1795033,2200698),(1794433,2200698)
(1794564,2199952),(1795164,2199952),(1795164,2200552),(1795033,2200552),(1795033,2200098),(1794564,2200098)
marker3:
(2231833,2521698),(2245633,2521698),(2245633,2531898),(2231833,2531898)
layer4:
(2233948,2525298),(2234833,2525298),(2234833,2524998),(2238433,2524998),(2238433,2525219),(2235148,2525219),(2235148,2525519),(2233948,2525519)
(2238433,2525219),(2238748,2525219),(2238748,2525598),(2238433,2525598)
(2233633,2523798),(2240233,2523798),(2240233,2523498),(2241433,2523498),(2241433,2523719),(2240548,2523719),(2240548,2524019),(2233948,2524019),(2233948,2525298),(2233633,2525298)
(2238748,2525598),(2239633,2525598),(2239633,2524998),(2241433,2524998),(2241433,2523719),(2241748,2523719),(2241748,2525219),(2239948,2525219),(2239948,2525819),(2238748,2525819)
layer5:
(2236033,2524265),(2236633,2524265),(2236633,2524865),(2236033,2524865)
layer6:
(2237185,2526629),(2238608,2526629),(2238608,2527179),(2237185,2527179)
marker4:
(2369833,2276898),(2383633,2276898),(2383633,2287098),(2369833,2287098)
layer6:
(2375010,2281098),(2376107,2281098),(2376107,2282898),(2375010,2282898)
marker5:
(2714833,2246298),(2728633,2246298),(2728633,2256498),(2714833,2256498)
layer2:
(2717233,2248398),(2727433,2248398),(2727433,2248746),(2717796,2248746),(2717796,2248998),(2717233,2248998)
(2717796,2248998),(2720533,2248998),(2720533,2249346),(2717796,2249346)
(2720533,2249346),(2721096,2249346),(2721096,2253798),(2720833,2253798),(2720833,2253498),(2720533,2253498)
(2721133,2248998),(2725333,2248998),(2725333,2249346),(2721696,2249346),(2721696,2252598),(2721133,2252598)
(2721696,2252598),(2722033,2252598),(2722033,2252946),(2721696,2252946)
(2721096,2253798),(2722033,2253798),(2722033,2252946),(2722596,2252946),(2722596,2254146),(2721396,2254146),(2721396,2253846),(2721096,2253846)
(2725333,2249346),(2725896,2249346),(2725896,2249598),(2725333,2249598)
(2725896,2249598),(2727433,2249598),(2727433,2248746),(2727996,2248746),(2727996,2249946),(2725896,2249946)
layer3:
(2721133,2252898),(2721733,2252898),(2721733,2253246),(2721696,2253246),(2721696,2253498),(2721133,2253498)
(2721696,2253498),(2721733,2253498),(2721733,2253246),(2722296,2253246),(2722296,2253846),(2721696,2253846)
pattern2:
marker1:
(3821516,2679131),(3831916,2679131),(3831916,2685931),(3821516,2685931)
layer4:
(3825516,2681131),(3826316,2681131),(3826316,2681331),(3830716,2681331),(3830716,2682331),(3829916,2682331),(3829916,2682131),(3829316,2682131),(3829316,2682931),(3828516,2682931),(3828516,2682131),(3825516,2682131)
layer6:
(3827974,2683065),(3828586,2683065),(3828586,2683931),(3827974,2683931)
marker2:
(4944716,2651931),(4955116,2651931),(4955116,2658731),(4944716,2658731)
layer2:
(4947516,2653331),(4954316,2653331),(4954316,2654131),(4952916,2654131),(4952916,2653731),(4950116,2653731),(4950116,2656131),(4950716,2656131),(4950716,2656931),(4949916,2656931),(4949916,2656731),(4949716,2656731),(4949716,2653731),(4947516,2653731)
layer3:
(4950116,2656331),(4950516,2656331),(4950516,2656731),(4950116,2656731)
marker3:
(4747116,2706331),(4757516,2706331),(4757516,2713131),(4747116,2713131)
layer5:
(4750406,2710897),(4750961,2710897),(4750961,2711416),(4750406,2711416)
layer6:
(4750406,2711131),(4751085,2711131),(4751085,2711366),(4750406,2711366)
marker4:
(4986316,2495531),(4996716,2495531),(4996716,2502331),(4986316,2502331)
layer1:
(4993489,2498067),(4994716,2498067),(4994716,2498705),(4993489,2498705)
pattern3:
marker1:
(3802447,1634010),(3803812,1634010),(3803812,1634715),(3802447,1634715)
layer2:
(3802478,1634059),(3803273,1634059),(3803273,1634080),(3802504,1634080),(3802504,1634109),(3802478,1634109)
(3802504,1634109),(3802848,1634109),(3802848,1634130),(3802504,1634130)
(3802848,1634130),(3802874,1634130),(3802874,1634492),(3802848,1634492)
(3802874,1634492),(3802923,1634492),(3802923,1634109),(3803273,1634109),(3803273,1634080),(3803299,1634080),(3803299,1634130),(3802949,1634130),(3802949,1634513),(3802874,1634513)
layer5:
(3802942,1634027),(3803007,1634027),(3803007,1634043),(3802942,1634043)
marker2:
(3809272,1627665),(3810637,1627665),(3810637,1628370),(3809272,1628370)
layer1:
(3810126,1628081),(3810216,1628081),(3810216,1628171),(3810126,1628171)
(3810282,1627860),(3810372,1627860),(3810372,1627950),(3810282,1627950)
marker3:
(3816097,1622025),(3817462,1622025),(3817462,1622730),(3816097,1622730)
layer4:
(3816421,1622423),(3816529,1622423),(3816529,1622510),(3816421,1622510)
layer5:
(3816746,1622248),(3816811,1622248),(3816811,1622313),(3816746,1622313)
layer6:
(3816421,1622423),(3816594,1622423),(3816594,1622510),(3816421,1622510)
