pattern1:
layer1:
(0,6600),(600,6600),(600,7800),(0,7800)
(0,3000),(3000,3000),(3000,0),(4200,0),(4200,5400),(0,5400)
(0,10800),(600,10800),(600,11100),(3600,11100),(3600,10800),(4800,10800),(4800,12000),(0,12000)
(7200,0),(8400,0),(8400,3000),(10200,3000),(10200,5400),(7200,5400)
(9600,6600),(10200,6600),(10200,7800),(9600,7800)
(6600,10800),(7800,10800),(7800,11100),(9600,11100),(9600,10800),(10200,10800),(10200,12000),(6600,12000)
(9600,13200),(10200,13200),(10200,13800),(9600,13800)
layer2:
(0,900),(10200,900),(10200,1500),(6300,1500),(6300,3000),(5100,3000),(5100,1500),(0,1500)
(2100,2400),(2700,2400),(2700,5700),(7200,5700),(7200,6000),(7500,6000),(7500,7200),(6300,7200),(6300,6300),(2700,6300),(2700,10500),(3300,10500),(3300,12600),(2100,12600)
(4500,8700),(5700,8700),(5700,9600),(8700,9600),(8700,2400),(9300,2400),(9300,12600),(8100,12600),(8100,10200),(4500,10200)
layer3:
(0,3900),(300,3900),(300,4500),(0,4500)
(0,6900),(300,6900),(300,7500),(0,7500)
(0,11100),(300,11100),(300,11700),(0,11700)
(3300,0),(3900,0),(3900,300),(3300,300)
(3300,4500),(3900,4500),(3900,5100),(3300,5100)
(3900,11100),(4500,11100),(4500,11700),(3900,11700)
(4800,9000),(5400,9000),(5400,9600),(4800,9600)
(5400,2100),(6000,2100),(6000,2700),(5400,2700)
(6600,6300),(7200,6300),(7200,6900),(6600,6900)
(6900,11100),(7500,11100),(7500,11700),(6900,11700)
(7500,0),(8100,0),(8100,300),(7500,300)
(7500,4500),(8100,4500),(8100,5100),(7500,5100)
(9900,3900),(10200,3900),(10200,4500),(9900,4500)
(9900,6900),(10200,6900),(10200,7500),(9900,7500)
(9900,11100),(10200,11100),(10200,11700),(9900,11700)
(9900,13500),(10200,13500),(10200,13800),(9900,13800)
layer4:
(0,3600),(600,3600),(600,9900),(0,9900)
(1800,0),(4200,0),(4200,600),(1800,600)
(3000,4200),(4500,4200),(4500,8700),(5700,8700),(5700,9900),(4500,9900),(4500,10800),(4800,10800),(4800,12000),(3300,12000),(3300,5400),(3000,5400)
(6000,0),(8400,0),(8400,600),(6000,600)
(0,1500),(10200,1500),(10200,2700),(6300,2700),(6300,3000),(5100,3000),(5100,2700),(0,2700)
(6300,6000),(6900,6000),(6900,4200),(8400,4200),(8400,5400),(8100,5400),(8100,12000),(6600,12000),(6600,10800),(6900,10800),(6900,7200),(6300,7200)
(9600,3600),(10200,3600),(10200,9900),(9600,9900)
(0,10800),(600,10800),(600,13200),(9600,13200),(9600,10800),(10200,10800),(10200,13800),(0,13800)
layer5:
(0,9000),(300,9000),(300,9600),(0,9600)
(2100,0),(2700,0),(2700,300),(2100,300)
(6300,0),(6900,0),(6900,300),(6300,300)
(9900,9000),(10200,9000),(10200,9600),(9900,9600)
layer6:
(0,0),(600,0),(600,13800),(0,13800)
(1800,0),(4200,0),(4200,13800),(3000,13800),(3000,600),(1800,600)
(6000,0),(7200,0),(7200,13800),(6000,13800)
(9600,0),(10200,0),(10200,13800),(9600,13800)
marker:
(0,0),(10200,0),(10200,13800),(0,13800)
pattern2:
layer1:
(0,5600),(400,5600),(400,6400),(0,6400)
(0,10000),(400,10000),(400,10400),(0,10400)
(0,3200),(2000,3200),(2000,800),(2800,800),(2800,4800),(0,4800)
(0,8400),(400,8400),(400,8600),(2400,8600),(2400,8400),(3200,8400),(3200,9200),(0,9200)
(4800,800),(5600,800),(5600,3200),(6800,3200),(6800,4800),(4800,4800)
(6400,5600),(6800,5600),(6800,6400),(6400,6400)
(4400,8400),(5200,8400),(5200,8600),(6400,8600),(6400,8400),(6800,8400),(6800,9200),(4400,9200)
(6400,10000),(6800,10000),(6800,10400),(6400,10400)
layer2:
(0,1800),(6800,1800),(6800,2200),(4200,2200),(4200,3200),(3400,3200),(3400,2200),(0,2200)
(1400,2800),(1800,2800),(1800,5000),(4800,5000),(4800,5200),(5000,5200),(5000,6000),(4200,6000),(4200,5400),(1800,5400),(1800,8200),(2200,8200),(2200,9600),(1400,9600)
(3000,7000),(3800,7000),(3800,7600),(5800,7600),(5800,2800),(6200,2800),(6200,9600),(5400,9600),(5400,8000),(3000,8000)
layer3:
(0,3800),(200,3800),(200,4200),(0,4200)
(0,5800),(200,5800),(200,6200),(0,6200)
(0,8600),(200,8600),(200,9000),(0,9000)
(0,10200),(200,10200),(200,10400),(0,10400)
(2200,1000),(2600,1000),(2600,1400),(2200,1400)
(2200,4200),(2600,4200),(2600,4600),(2200,4600)
(2600,8600),(3000,8600),(3000,9000),(2600,9000)
(3200,7200),(3600,7200),(3600,7600),(3200,7600)
(3600,2600),(4000,2600),(4000,3000),(3600,3000)
(4400,5400),(4800,5400),(4800,5800),(4400,5800)
(4600,8600),(5000,8600),(5000,9000),(4600,9000)
(5000,1000),(5400,1000),(5400,1400),(5000,1400)
(5000,4200),(5400,4200),(5400,4600),(5000,4600)
(6600,3800),(6800,3800),(6800,4200),(6600,4200)
(6600,5800),(6800,5800),(6800,6200),(6600,6200)
(6600,8600),(6800,8600),(6800,9000),(6600,9000)
(6600,10200),(6800,10200),(6800,10400),(6600,10400)
layer4:
(0,3600),(400,3600),(400,7800),(0,7800)
(1200,800),(2800,800),(2800,1600),(1200,1600)
(2000,4000),(3000,4000),(3000,7000),(3800,7000),(3800,7800),(3000,7800),(3000,8400),(3200,8400),(3200,9200),(2200,9200),(2200,4800),(2000,4800)
(4000,800),(5600,800),(5600,1600),(4000,1600)
(0,2200),(6800,2200),(6800,3000),(4200,3000),(4200,3200),(3400,3200),(3400,3000),(0,3000)
(4200,5200),(4600,5200),(4600,4000),(5600,4000),(5600,4800),(5400,4800),(5400,9200),(4400,9200),(4400,8400),(4600,8400),(4600,6000),(4200,6000)
(6400,3600),(6800,3600),(6800,7800),(6400,7800)
(0,8400),(400,8400),(400,10000),(6400,10000),(6400,8400),(6800,8400),(6800,10400),(0,10400)
layer5:
(0,7200),(200,7200),(200,7600),(0,7600)
(1400,1000),(1800,1000),(1800,1400),(1400,1400)
(4200,1000),(4600,1000),(4600,1400),(4200,1400)
(6600,7200),(6800,7200),(6800,7600),(6600,7600)
layer6:
(0,0),(400,0),(400,10400),(0,10400)
(1200,0),(2000,0),(2000,10400),(1200,10400)
(4000,800),(4800,800),(4800,0),(5600,0),(5600,10400),(4800,10400),(4800,1600),(4000,1600)
(6400,0),(6800,0),(6800,10400),(6400,10400)
marker:
(0,0),(6800,0),(6800,10400),(0,10400)
pattern3:
layer1:
(0,568),(225,568),(225,773),(0,773)
(0,1163),(225,1163),(225,1253),(0,1253)
(45,248),(305,248),(305,383),(45,383)
(303,0),(393,0),(393,45),(303,45)
(303,1320),(393,1320),(393,1365),(303,1365)
(400,248),(660,248),(660,383),(400,383)
(480,568),(705,568),(705,773),(480,773)
(480,1163),(705,1163),(705,1253),(480,1253)
layer2:
(70,513),(120,513),(120,863),(503,863),(503,938),(120,938),(120,1308),(70,1308)
(70,123),(635,123),(635,198),(555,198),(555,438),(505,438),(505,198),(200,198),(200,438),(150,438),(150,198),(70,198)
(203,1013),(585,1013),(585,513),(635,513),(635,1308),(585,1308),(585,1088),(203,1088)
layer3:
(0,703),(33,703),(33,768),(0,768)
(0,1168),(33,1168),(33,1233),(0,1233)
(50,313),(115,313),(115,378),(50,378)
(155,703),(220,703),(220,768),(155,768)
(155,1168),(220,1168),(220,1233),(155,1233)
(208,1018),(273,1018),(273,1083),(208,1083)
(235,313),(300,313),(300,378),(235,378)
(303,128),(368,128),(368,193),(303,193)
(315,0),(380,0),(380,33),(315,33)
(315,1332),(380,1332),(380,1365),(315,1365)
(405,313),(470,313),(470,378),(405,378)
(433,868),(498,868),(498,933),(433,933)
(485,703),(550,703),(550,768),(485,768)
(485,1168),(550,1168),(550,1233),(485,1233)
(590,313),(655,313),(655,378),(590,378)
(672,703),(705,703),(705,768),(672,768)
(672,1168),(705,1168),(705,1233),(672,1233)
layer4:
(0,0),(705,0),(705,33),(0,33)
(0,128),(705,128),(705,193),(0,193)
(0,668),(35,668),(35,803),(33,803),(33,905),(0,905)
(50,278),(120,278),(120,503),(220,503),(220,1018),(308,1018),(308,1083),(220,1083),(220,1268),(155,1268),(155,568),(50,568)
(223,278),(300,278),(300,413),(223,413)
(405,278),(483,278),(483,413),(405,413)
(398,868),(485,868),(485,503),(590,503),(590,278),(660,278),(660,568),(550,568),(550,1268),(485,1268),(485,933),(398,933)
(0,1133),(35,1133),(35,1333),(670,1333),(670,1133),(705,1133),(705,1365),(0,1365)
(670,668),(705,668),(705,905),(673,905),(673,803),(670,803)
layer5:
(0,0),(33,0),(33,33),(0,33)
(0,805),(33,805),(33,870),(0,870)
(223,313),(288,313),(288,378),(223,378)
(418,313),(483,313),(483,378),(418,378)
(672,0),(705,0),(705,33),(672,33)
(672,805),(705,805),(705,870),(672,870)
layer6:
(0,0),(35,0),(35,1365),(0,1365)
(150,0),(220,0),(220,278),(290,278),(290,413),(220,413),(220,1365),(150,1365)
(415,278),(485,278),(485,0),(555,0),(555,1365),(485,1365),(485,413),(415,413)
(670,0),(705,0),(705,1365),(670,1365)
marker:
(0,0),(705,0),(705,1365),(0,1365)
